71302602284416299217
90958831842739452689
56594071996789348283
35338114625276126219
49002005868457207921
11510744447787975167
39436176423092738243
43177361754786841303
57714997233940315597
26229022790868342743
30068148994987060409
90096806722076698199
75348264536595779089
60577452694983316387
21579131540632923877
48849959205724975021
45389125974868816453
93760398469039669291
95464937127609744719
96277239085131711703
38120994270449687963
59063616236318824439
76049070159918798863
30730834013935772141
54922390619585436403
18195409351126361399
76700292995309018807
14087163511882728473
76359690132928170641
42369326875634271187
49259765332745048069
81024919154089378241
74123226946075602539
49932989422787807489
24698264838460007401
51559628901763336241
91415477293108152053
35288235886686877651
54721957366099217561
61480776311306989229
20112888169479139421
37546592905345761059
64702734439542816563
43520402023757478473
38687553936743533379
77967347642283700609
88696748950398347533
47492624266195235263
50082036853890913463
72574905772257484033
39307316723736746929
95254489319155547057
33627352624677230521
11141819544242361061
21027699463607795809
31468907946641155519
92246421306426989989
37250499471580405739
84508191732877543357
38260536774465972619
98951102442509283193
59353597139485445801
46684742903482376249
79412079787716611057
86230082086713443587
33625755708881413349
73268479431991309189
52769184146203728067
40293441797548633373
50776187438560053889
44910095286979705777
24649748194699684387
66446701523993412277
14253269269963539091
92036088678373730161
21372661592064591241
88665518879849550713
72652463519073748757
58743404802895572679
50448939436000157363
21874397600087428399
39750540707872779079
70304335398271331263
99564929501806478357
81845479400640986071
24002905519189893623
41999781668674627079
86156536446508142777
49255231677046994971
40637718047933936087
41539885204528894193
20105598932347399417
54100449863417189311
10844291390929822471
53450699983260766187
45732248688847682387
30437732163465547243
87009826536280685789
40422843627842831011
66152230835007332923
74770675097510774747
20449687224566445481
72914169386263772687
76048263262342566659
46492558946693723557